result

1.0     30      6844578 1001    0.000146247
2.0     30      702687  1002    0.00142595
1.0     40      5147745 1005    0.000195231
2.0     40      384746  1002    0.00260432
1.0     50      3575229 1011    0.000282779
2.0     50      266382  1001    0.00375776
1.0     60      2948378 1005    0.000340865
2.0     60      188388  1002    0.00531881
1.0     70      2584095 1003    0.000388144
2.0     70      136668  1011    0.00739749
1.0     80      2259656 1002    0.00044343
2.0     80      107695  1011    0.00938762
1.0     90      1959318 1013    0.000517017
2.0     90      83775   1001    0.0119487
1.0     100     1802016 1013    0.000562148
2.0     100     68902   1014    0.0147166
1.0     200     906331  1011    0.00111549
2.0     200     17012   1002    0.0588996
1.0     300     592935  1014    0.00171014
2.0     300     8134    1006    0.123678
1.0     400     471053  1009    0.00214201
2.0     400     4783    1004    0.20991
1.0     500     384248  1012    0.00263372
2.0     500     3110    1010    0.324759
1.0     600     322476  1013    0.00314132
2.0     600     2153    1002    0.465397
1.0     700     271648  1000    0.00368123
2.0     700     1575    1005    0.638095
1.0     800     238392  1009    0.00423252
2.0     800     1201    1002    0.834305
1.0     900     207166  1004    0.00484636
2.0     900     955     1001    1.04817
1.0     1000    185862  1001    0.00538572
2.0     1000    776     1005    1.2951
